85,4
85,3
85,2
85,1
85,0
82,3
82,2
82,1
82,0
81,6
81,5
81,4
81,3
81,2
81,1
81,0
80,5
80,4
80,3
80,2
80,1
80,0
79,8
79,2
79,1
79,0
78,3
78,2
78,1
78,0
77,4
77,3
77,2
77,1
77,0
76,4
76,3
76,2
76,1
76,0
72,4
72,3
72,2
72,1
72,0
69,4
69,3
69,2
69,1
69,0
66,4
66,3
66,2
66,1
66,0
65,4
65,3
65,2
65,1
65,0
64,5
64,4
64,3
64,2
64,1
64,0
63,4
63,3
63,2
63,1
63,0
62,6
62,5
62,4
62,3
62,2
62,1
62,0
61,4
61,3
61,2
61,1
61,0
60,4
60,3
60,2
60,1
60,0
59,3
59,2
59,1
59,0
4,3
2,5
2,4
2,3
2,2
2,1
2,0
1,3
0,410
0,324
0,243
0,9
0,0
0,1
79,6
79,5
79,4
79,3
0,399
0,300
0,398
0,299
0,397
0,298
0,424
0,297
0,396
0,296
0,395
0,295
0,394
0,294
0,423
0,293
0,393
0,292
0,392
0,291
0,422
0,290
0,391
0,289
0,390
0,288
0,389
0,287
0,388
0,286
0,421
0,285
0,387
0,284
0,386
0,283
0,420
0,282
0,385
0,281
0,384
0,280
0,383
0,279
0,419
0,278
0,382
0,277
0,381
0,276
0,418
0,275
0,380
0,274
0,379
0,273
0,417
0,272
0,378
0,271
0,416
0,270
0,377
0,269
0,376
0,268
0,375
0,267
0,374
0,266
0,415
0,265
0,373
0,264
0,372
0,263
0,414
0,262
0,371
0,261
0,370
0,260
0,369
0,259
0,413
0,258
0,368
0,257
0,367
0,256
0,432
0,255
0,366
0,254
0,365
0,253
0,412
0,252
0,364
0,251
0,431
0,250
0,363
0,249
0,362
0,248
0,361
0,247
0,360
0,246
0,411
0,245
0,359
0,244
0,435
0,242
0,358
0,241
0,357
0,240
0,356
0,239
0,355
0,238
0,434
0,237
0,354
0,236
0,430
0,235
0,353
0,234
0,352
0,233
0,351
0,232
0,350
0,231
0,349
0,230
0,409
0,229
0,348
0,228
0,408
0,227
0,347
0,226
0,346
0,225
0,429
0,224
0,345
0,223
0,407
0,222
0,344
0,221
0,343
0,220
0,342
0,219
0,341
0,218
0,340
0,217
0,433
0,216
0,339
0,215
0,428
0,214
0,338
0,213
0,337
0,212
0,336
0,211
0,335
0,210
0,334
0,209
0,427
0,208
0,333
0,207
0,406
0,206
0,332
0,205
0,331
0,204
0,405
0,203
0,330
0,202
0,404
0,201
0,329
0,200
0,328
0,199
0,403
0,198
0,327
0,197
0,402
0,196
0,326
0,195
0,325
0,194
0,323
0,193
0,322
0,192
0,321
0,63
0,320
0,62
0,401
0,61
0,319
0,60
0,426
0,59
0,318
0,58
0,317
0,57
0,316
0,56
0,315
0,55
0,314
0,54
0,400
0,53
0,313
0,52
0,425
0,51
0,312
0,50
0,311
0,49
0,310
0,48
0,309
0,47
0,308
0,46
0,307
0,45
0,301
0,6
0,5
0,304
0,303
0,306
0,305
0,302
0,12
0,10
0,8
0,11
0,4
0,2
0,3
0,7
